Year,Month,Day,Temp high (°C),Temp avg (°C),Temp low (°C),Dew Point high (°C),Dew Point avg (°C),Dew Point low (°C),Humidity (%) high,Humidity (%) avg,Humidity (%) low,Sea Level Press. (hPa) high,Sea Level Press. (hPa) avg,Sea Level Press. (hPa) low,Visibility (km) high,Visibility (km) avg,Visibility (km) low,Wind (km/h) low,Wind (km/h) avg,Wind (km/h) high,Precip. (mm) sum,WeatherEvent
2009,Jan,1,-3,-6,-9,-16,-17,-19,54,43,32,1025,1023,1015,16,16,16,37,18,60,0,
2009,Jan,2,1,-2,-5,-3,-7,-17,78,57,36,1022,1012,1007,16,13,2,27,10,48,T,Snow
2009,Jan,3,3,1,-2,-5,-9,-13,72,54,35,1018,1015,1008,16,16,16,27,16,42,T,
2009,Jan,4,6,1,-4,-10,-12,-13,55,42,29,1020,1017,1015,16,16,16,32,12,40,0,
2009,Jan,5,6,5,3,-1,-5,-16,62,48,33,1016,1014,1013,16,16,16,23,11,34,T,
2009,Jan,6,3,2,-1,-2,-11,-18,85,54,22,1019,1015,1009,16,14,6,24,11,29,2.03,Rain
2009,Jan,7,3,2,-1,2,1,-2,96,91,85,1008,994,986,16,8,3,40,17,52,30.23,Rain
2009,Jan,8,3,1,-2,0,-6,-9,82,63,44,1006,997,989,16,16,16,34,18,50,0,
2009,Jan,9,0,-2,-3,-10,-11,-12,58,51,43,1024,1016,1006,16,16,16,29,16,47,0,
2009,Jan,10,-1,-3,-5,-3,-7,-12,88,69,50,1026,1022,1012,16,8,1,26,11,39,3.56,"Fog , Rain , Snow"
2009,Jan,11,-1,-2,-4,-2,-5,-9,92,78,63,1016,1011,1007,16,13,5,29,11,35,4.83,Rain
2009,Jan,12,1,-3,-6,-9,-10,-11,77,61,45,1026,1022,1015,16,16,16,23,10,32,0,
2009,Jan,13,5,2,-2,-1,-4,-9,70,62,53,1026,1015,1007,16,16,16,24,9,34,0,
2009,Jan,14,2,-3,-9,-3,-16,-20,70,52,33,1022,1017,1006,16,16,14,32,14,47,0,
2009,Jan,15,-6,-7,-9,-10,-13,-18,84,66,47,1030,1023,1019,16,9,0,26,12,35,1.27,Snow
2009,Jan,16,-9,-11,-13,-16,-20,-22,59,48,36,1035,1032,1029,16,16,16,24,15,35,0,
2009,Jan,17,-6,-10,-14,-13,-19,-22,60,50,39,1036,1031,1025,16,16,16,26,9,40,0,
2009,Jan,18,2,-2,-6,-1,-4,-12,100,78,55,1025,1013,1006,16,7,1,19,9,27,4.57,"Fog , Snow"
2009,Jan,19,1,-1,-3,-2,-3,-6,92,78,63,1007,1005,1003,16,7,1,14,4,21,4.57,"Fog , Snow"
2009,Jan,20,-2,-4,-7,-7,-11,-13,81,66,50,1008,1005,1003,16,16,14,24,10,35,0,
2009,Jan,21,-3,-6,-8,-13,-14,-17,67,50,33,1015,1012,1009,16,16,16,26,13,32,0,
2009,Jan,22,3,-2,-7,-7,-10,-13,62,55,47,1017,1015,1014,16,16,16,24,11,37,0,
2009,Jan,23,8,4,-1,-1,-5,-9,66,52,38,1018,1013,1006,16,16,11,26,8,40,0,
2009,Jan,24,8,0,-8,-1,-12,-20,58,46,33,1027,1017,1006,16,16,16,35,18,56,0,
2009,Jan,25,-3,-7,-11,-13,-17,-19,55,44,33,1028,1027,1025,16,16,16,23,10,32,0,
2009,Jan,26,-2,-4,-7,-13,-15,-17,57,44,31,1031,1029,1028,16,16,16,16,8,23,0,
2009,Jan,27,-2,-3,-4,-11,-14,-17,55,44,33,1033,1031,1029,16,16,16,21,7,26,0,
2009,Jan,28,5,1,-4,4,-1,-11,100,70,39,1029,1012,999,16,5,1,34,15,52,24.64,"Fog , Rain , Snow"
2009,Jan,29,2,-1,-3,-7,-9,-11,59,52,45,1015,1013,1008,16,16,16,34,14,52,0,
2009,Jan,30,2,-1,-3,-4,-7,-11,69,60,50,1014,1012,1010,16,14,8,26,11,40,T,Snow
2009,Jan,31,-3,-4,-7,-11,-14,-16,62,50,37,1018,1015,1012,16,16,16,32,14,47,0,
2009,Feb,1,11,4,-3,-2,-6,-13,58,48,38,1016,1013,1010,16,16,16,24,12,40,0,
2009,Feb,2,12,7,1,-1,-3,-6,75,53,30,1015,1013,1011,16,16,14,26,8,35,T,
2009,Feb,3,1,-1,-4,-1,-2,-9,100,88,75,1014,1009,1005,16,6,0,26,13,35,7.11,"Fog , Snow"
2009,Feb,4,-1,-4,-8,-13,-15,-17,68,51,34,1022,1016,1010,16,16,16,27,12,37,0,
2009,Feb,5,-6,-9,-11,-17,-18,-19,61,47,37,1030,1026,1022,16,16,16,27,14,40,0,
2009,Feb,6,0,-4,-9,-11,-14,-18,54,47,39,1031,1029,1027,16,16,16,23,9,32,0,
2009,Feb,7,10,4,-2,1,-4,-11,70,58,45,1029,1024,1015,16,16,14,29,6,39,0,
2009,Feb,8,14,9,3,6,-1,-7,66,53,39,1024,1017,1013,16,16,16,34,15,53,T,
2009,Feb,9,7,4,1,-6,-7,-7,61,49,37,1030,1028,1024,16,16,16,24,9,40,0,
2009,Feb,10,10,6,2,3,0,-6,76,61,45,1029,1023,1018,16,16,16,21,6,27,0,
2009,Feb,11,18,13,7,9,6,2,80,66,52,1017,1010,997,16,13,6,19,7,24,0.76,Rain
2009,Feb,12,14,11,7,11,2,-3,89,67,44,1004,996,992,16,15,4,48,22,77,3.05,Rain
2009,Feb,13,7,3,-1,-3,-9,-15,53,37,20,1016,1011,1004,16,16,16,35,19,58,0,
2009,Feb,14,5,2,-2,-9,-11,-12,50,40,30,1016,1013,1011,16,16,16,23,10,29,0,
2009,Feb,15,6,2,-2,-9,-11,-13,58,43,27,1020,1017,1013,16,16,16,24,12,34,0,
2009,Feb,16,4,1,-2,-8,-9,-12,58,49,40,1023,1021,1020,16,16,16,24,9,32,0,
2009,Feb,17,4,0,-4,-7,-10,-13,63,45,27,1025,1023,1021,16,16,16,19,8,27,0,
2009,Feb,18,7,3,0,6,-1,-9,100,74,47,1021,1009,997,16,11,3,27,9,40,8.13,"Rain , Snow"
2009,Feb,19,10,4,-3,6,-1,-15,92,64,35,1004,997,994,16,14,6,39,15,61,0,
2009,Feb,20,1,-2,-5,-11,-14,-17,50,42,33,1015,1008,1004,16,16,16,37,22,61,0,
2009,Feb,21,6,1,-3,-5,-11,-12,55,42,28,1024,1022,1016,16,16,16,27,12,40,0,
2009,Feb,22,7,3,-1,2,0,-5,92,76,59,1022,1014,1009,16,14,8,32,14,56,1.78,Rain
2009,Feb,23,1,-2,-4,-11,-13,-14,55,44,33,1023,1019,1015,16,16,16,37,21,61,0,
2009,Feb,24,3,-1,-6,-13,-13,-13,57,43,29,1029,1026,1023,16,16,16,32,15,45,0,
2009,Feb,25,6,1,-4,-4,-11,-14,64,43,22,1032,1030,1029,16,16,16,19,7,29,0,
2009,Feb,26,10,6,2,1,-3,-7,70,56,42,1029,1027,1024,16,16,16,23,8,32,0,
2009,Feb,27,16,11,6,9,6,2,89,70,51,1024,1016,1012,16,16,13,24,13,40,1.02,Rain
2009,Feb,28,12,6,-1,8,-6,-13,83,56,29,1024,1021,1013,16,16,16,32,15,42,0,
2009,Mar,1,2,0,-2,-2,-5,-12,92,66,39,1022,1018,1015,16,10,1,32,16,40,3.81,"Fog , Snow"
2009,Mar,2,-2,-6,-9,-3,-8,-17,96,75,54,1019,1013,1010,16,6,0,32,18,52,12.45,Fog
2009,Mar,3,-3,-7,-11,-16,-18,-19,58,45,32,1027,1023,1019,16,16,16,29,19,40,0,
2009,Mar,4,1,-3,-8,-12,-14,-16,60,46,34,1030,1028,1026,16,16,16,16,10,26,0,
2009,Mar,5,6,2,-2,-2,-8,-13,70,50,29,1032,1030,1026,16,16,16,24,6,34,0,
2009,Mar,6,13,8,3,3,-1,-3,70,56,41,1026,1019,1014,16,16,16,29,13,40,0.25,
2009,Mar,7,21,16,11,9,7,3,67,56,45,1020,1016,1009,16,15,10,24,7,39,0,
2009,Mar,8,18,14,9,9,7,4,72,59,46,1014,1012,1007,16,16,14,29,12,37,T,Rain
2009,Mar,9,9,7,3,6,4,2,92,82,71,1025,1014,1007,16,13,4,34,13,45,2.54,Rain
2009,Mar,10,8,6,3,3,1,-3,92,73,53,1030,1027,1025,16,14,3,23,8,32,0.25,Rain
2009,Mar,11,14,10,5,10,6,-7,93,62,31,1025,1017,1012,16,12,4,29,12,45,0,
2009,Mar,12,7,3,0,-8,-11,-12,45,37,28,1032,1029,1022,16,16,16,34,15,56,0,
2009,Mar,13,4,1,-3,-6,-11,-16,61,43,24,1036,1032,1029,16,16,16,21,10,32,0,
2009,Mar,14,11,6,0,-2,-4,-6,64,48,32,1028,1025,1023,16,16,14,21,8,27,0,
2009,Mar,15,11,8,6,0,-1,-3,58,50,41,1023,1022,1021,16,15,10,16,4,21,0,
2009,Mar,16,8,7,4,1,-1,-3,70,60,49,1028,1026,1023,16,16,11,34,10,45,0,
2009,Mar,17,13,8,2,1,-1,-3,85,62,38,1027,1025,1024,16,16,16,27,9,34,0,
2009,Mar,18,18,12,5,5,1,-6,70,55,40,1025,1021,1016,16,16,16,26,13,40,0,
2009,Mar,19,12,9,6,4,4,2,89,74,59,1020,1018,1015,16,15,6,27,7,35,3.3,Rain
2009,Mar,20,8,4,1,4,-3,-13,96,63,29,1030,1025,1020,16,12,1,24,12,34,1.02,"Fog , Snow"
2009,Mar,21,9,4,-1,-5,-11,-15,50,34,17,1034,1032,1030,16,16,16,24,11,35,0,
2009,Mar,22,12,7,2,-3,-6,-11,70,50,29,1031,1026,1023,16,16,16,27,14,42,0,
2009,Mar,23,7,3,-2,-13,-18,-21,32,23,14,1029,1027,1024,16,16,16,34,14,48,0,
2009,Mar,24,10,4,-3,-10,-13,-15,46,33,19,1031,1030,1028,16,16,16,32,13,48,0,
2009,Mar,25,11,7,2,-6,-8,-10,48,38,28,1030,1028,1024,16,16,16,21,9,26,0,
2009,Mar,26,7,7,6,6,2,-6,100,71,41,1023,1017,1012,16,10,3,21,7,29,10.16,Rain
2009,Mar,27,17,12,7,6,6,4,89,66,43,1016,1014,1011,16,13,3,16,7,26,0,
2009,Mar,28,14,11,7,8,7,4,93,78,63,1016,1014,1010,16,14,6,27,13,34,1.27,Rain
2009,Mar,29,11,8,6,11,8,6,100,92,83,1011,1000,993,16,5,1,42,12,58,9.4,Rain
2009,Mar,30,12,8,5,8,0,-2,93,67,41,1015,1004,995,16,16,16,35,19,58,0,
2009,Mar,31,16,9,3,2,-1,-2,76,55,33,1023,1021,1015,16,16,16,27,12,39,0,
2009,Apr,1,9,8,6,7,4,2,100,83,65,1025,1021,1018,16,12,2,24,11,35,9.14,Rain
2009,Apr,2,18,12,7,11,8,6,100,80,60,1019,1016,1012,16,9,3,19,9,24,0.25,Rain
2009,Apr,3,16,13,9,14,10,7,100,80,60,1012,998,987,16,7,0,32,13,47,23.11,"Fog , Rain"
2009,Apr,4,12,11,8,5,1,-1,64,55,46,1005,999,992,16,16,16,42,24,61,0,
2009,Apr,5,18,13,7,1,-1,-2,58,42,26,1009,1007,1005,16,16,16,35,12,58,0,
2009,Apr,6,13,10,7,9,7,1,100,72,43,1007,996,989,16,9,2,26,10,39,14.22,Rain
2009,Apr,7,9,7,4,8,-2,-6,77,59,40,1001,994,989,16,16,10,27,16,40,0,
2009,Apr,8,9,6,2,-2,-4,-7,64,52,39,1008,1004,1002,16,16,16,26,10,39,T,
2009,Apr,9,17,11,5,1,-4,-7,57,39,20,1014,1010,1008,16,16,16,24,8,35,0,
2009,Apr,10,15,11,7,8,3,-3,74,56,38,1017,1015,1011,16,15,8,27,8,35,T,Rain
2009,Apr,11,10,8,5,8,5,-5,100,71,41,1015,1011,1009,16,10,4,29,14,42,14.22,Rain
2009,Apr,12,9,6,2,-7,-9,-12,44,34,23,1023,1019,1016,16,16,16,34,16,53,0,
2009,Apr,13,14,8,1,-6,-9,-12,51,34,16,1023,1020,1016,16,16,16,23,10,32,0,
2009,Apr,14,11,8,6,6,1,-6,96,63,30,1018,1016,1013,16,14,6,29,14,40,4.32,Rain
2009,Apr,15,14,10,6,6,1,-4,89,59,28,1021,1016,1013,16,15,6,39,15,56,5.08,Rain
2009,Apr,16,18,12,7,1,-4,-8,65,39,21,1027,1025,1022,16,16,16,27,8,37,0,
2009,Apr,17,22,14,6,1,-3,-6,65,41,17,1027,1023,1017,16,16,16,21,6,29,0,
2009,Apr,18,26,19,12,3,-2,-4,37,28,18,1018,1014,1011,16,16,16,26,8,34,0,
2009,Apr,19,17,13,8,6,2,-1,65,49,32,1022,1017,1013,16,16,16,27,13,35,0,
2009,Apr,20,10,8,6,8,4,-2,100,73,46,1022,1017,1010,16,8,2,34,19,48,45.47,Rain
2009,Apr,21,15,12,9,12,10,8,100,90,80,1010,1007,1004,13,5,2,26,11,35,2.29,Rain
2009,Apr,22,13,11,8,9,7,2,93,77,61,1008,1006,1003,16,15,6,27,9,40,1.02,Rain
2009,Apr,23,14,10,6,2,0,-1,70,54,38,1022,1013,1007,16,16,16,29,14,42,0,
2009,Apr,24,22,16,8,5,1,-1,58,41,23,1026,1024,1022,16,16,16,21,7,29,0,
2009,Apr,25,31,21,11,13,9,6,83,53,23,1024,1022,1019,16,16,13,24,7,40,0,
2009,Apr,26,33,27,19,12,12,9,59,41,23,1025,1022,1020,16,16,16,21,6,27,0,
2009,Apr,27,29,22,14,13,11,10,77,57,37,1028,1025,1023,16,16,16,24,10,34,0,
2009,Apr,28,32,27,21,12,11,8,53,40,26,1024,1021,1017,16,16,16,26,14,39,0,
2009,Apr,29,21,15,9,10,3,-3,69,47,24,1033,1030,1024,16,16,16,27,12,53,T,Rain
2009,Apr,30,16,13,9,11,4,-4,96,62,28,1032,1028,1021,16,15,6,23,7,29,0,
2009,May,1,22,17,12,18,16,11,100,84,68,1020,1013,1009,13,6,1,24,11,34,10.67,"Fog , Rain"
2009,May,2,20,16,12,17,12,7,100,74,48,1014,1011,1008,16,11,3,10,8,11,2.79,Rain
2009,May,3,16,13,11,14,12,10,100,86,72,1018,1016,1014,16,7,2,14,5,23,10.41,Rain
2009,May,4,14,12,11,13,11,10,100,97,93,1020,1019,1016,16,6,2,26,7,35,8.89,Rain
2009,May,5,12,12,11,12,11,9,100,95,89,1021,1020,1018,16,8,2,29,15,42,7.87,Rain
2009,May,6,18,14,9,12,11,9,100,82,63,1021,1017,1014,16,10,2,21,8,26,29.21,Rain
2009,May,7,21,16,11,19,14,11,100,91,81,1015,1009,1006,16,7,0,26,5,39,26.92,"Fog , Rain"
2009,May,8,23,18,13,14,13,11,86,70,53,1011,1010,1008,16,16,16,16,5,27,0,
2009,May,9,24,19,14,18,16,6,100,67,33,1008,1005,1000,16,7,1,35,7,48,15.75,"Fog , Rain"
2009,May,10,21,17,12,8,4,2,57,45,33,1017,1010,1004,16,16,16,34,16,53,0,
2009,May,11,19,14,10,9,4,1,77,57,36,1020,1017,1015,16,16,16,23,7,35,0,
2009,May,12,21,16,10,8,4,-1,83,55,27,1025,1021,1016,16,16,16,29,5,53,0,
2009,May,13,19,14,9,9,7,5,93,68,42,1030,1029,1026,16,16,11,21,9,29,0,
2009,May,14,19,17,13,15,12,10,97,82,67,1028,1025,1021,16,15,11,24,12,40,1.27,Rain
2009,May,15,24,20,16,16,15,13,97,74,50,1026,1024,1022,16,13,6,19,5,23,0,
2009,May,16,22,18,14,17,16,14,100,87,73,1022,1019,1012,16,9,1,21,8,32,4.06,"Fog , Rain"
2009,May,17,19,15,11,18,11,-2,100,69,37,1021,1014,1010,16,11,3,26,10,37,1.02,Rain
2009,May,18,14,12,9,2,0,-2,56,47,38,1028,1024,1022,16,16,16,23,8,32,0,
2009,May,19,21,13,6,5,2,-1,70,58,46,1031,1029,1028,16,16,16,19,7,27,0,
2009,May,20,28,19,11,8,6,4,71,47,23,1029,1028,1026,16,16,16,21,8,27,0,
2009,May,21,30,23,16,8,5,2,48,34,20,1027,1024,1022,16,16,16,23,11,32,0,
2009,May,22,29,23,17,15,12,7,73,58,43,1022,1020,1017,16,16,16,21,10,34,0,
2009,May,23,23,19,16,14,11,8,84,63,41,1022,1021,1019,16,16,16,32,10,40,0,
2009,May,24,28,22,16,18,16,14,90,73,55,1020,1016,1013,16,14,5,-,-,-,0,
2009,May,25,27,22,17,16,12,8,76,55,33,1020,1016,1014,16,16,14,-,-,-,0,
2009,May,26,19,16,12,6,4,0,59,48,37,1026,1024,1020,16,16,16,27,14,37,T,Rain
2009,May,27,18,15,12,14,11,4,93,76,59,1022,1017,1013,16,11,4,16,4,24,0,
2009,May,28,16,15,13,14,13,13,100,92,84,1014,1012,1011,16,4,1,19,0,24,1.52,Rain
2009,May,29,23,18,13,17,14,13,100,84,68,1011,1008,1004,16,7,2,13,2,19,10.92,Rain
2009,May,30,25,21,16,15,11,7,78,58,38,1008,1006,1005,16,16,16,13,0,23,0,
2009,May,31,27,21,14,13,7,-1,67,48,29,1016,1008,1005,16,16,16,24,15,40,T,
2009,Jun,1,22,16,10,11,4,-1,67,50,32,1021,1018,1015,16,16,16,23,8,29,0,
2009,Jun,2,27,22,16,20,16,11,97,76,54,1016,1015,1014,16,14,3,19,6,27,1.52,Rain
2009,Jun,3,22,17,12,15,12,9,97,75,53,1018,1017,1015,16,12,2,21,6,29,12.7,Rain
2009,Jun,4,20,17,13,13,12,9,100,76,52,1017,1016,1014,16,9,2,14,4,19,13.72,Rain
2009,Jun,5,16,14,13,14,13,12,100,89,78,1016,1013,1011,16,6,2,35,11,48,23.88,Rain
2009,Jun,6,24,19,14,17,14,13,100,80,60,1015,1013,1011,16,11,2,14,6,26,0,
2009,Jun,7,28,23,17,17,15,13,84,65,45,1017,1015,1013,16,16,16,21,7,27,T,Rain
2009,Jun,8,24,21,17,17,15,13,84,71,57,1016,1015,1014,16,16,10,19,9,24,0.51,Rain
2009,Jun,9,22,19,16,18,17,15,100,91,81,1016,1014,1011,16,8,0,26,8,39,46.48,"Fog , Rain"
2009,Jun,10,19,17,15,16,16,14,97,89,81,1016,1014,1012,16,10,1,19,10,26,0.25,
2009,Jun,11,18,17,15,16,16,14,100,97,93,1015,1014,1009,13,5,1,24,10,32,4.06,Rain
2009,Jun,12,27,22,17,21,18,16,100,80,60,1010,1007,1005,16,6,1,16,5,26,15.49,"Fog , Rain"
2009,Jun,13,23,19,16,18,17,15,100,83,66,1014,1013,1010,16,14,3,23,7,27,3.3,Rain
2009,Jun,14,23,19,14,16,15,11,100,81,61,1016,1015,1013,16,14,5,16,7,23,0.51,Rain
2009,Jun,15,22,18,14,16,14,12,100,81,61,1021,1018,1016,16,12,0,23,5,32,12.7,"Fog , Rain"
2009,Jun,16,21,17,13,14,13,12,93,81,68,1025,1023,1020,16,16,13,23,9,29,0,
2009,Jun,17,20,17,13,13,11,8,93,73,52,1025,1023,1020,16,16,16,19,8,27,T,Rain
2009,Jun,18,18,17,16,17,16,13,100,97,93,1021,1014,1009,16,5,1,26,10,42,58.42,Rain
2009,Jun,19,25,21,17,18,17,16,100,82,64,1010,1009,1006,16,9,1,14,5,19,0,
2009,Jun,20,22,19,17,18,17,15,100,87,73,1008,1003,999,16,8,1,19,6,23,7.11,Rain
2009,Jun,21,26,22,17,19,18,17,100,80,60,1004,1001,998,16,11,2,37,10,53,11.43,Rain
2009,Jun,22,24,21,18,18,16,15,93,79,64,1006,1004,1003,16,16,16,24,12,35,T,
2009,Jun,23,27,23,19,18,16,14,87,71,54,1009,1007,1005,16,16,16,24,8,35,T,
2009,Jun,24,24,22,18,21,19,18,93,83,73,1010,1008,1007,16,10,1,21,4,26,7.62,Rain
2009,Jun,25,27,22,18,19,18,16,100,81,62,1010,1009,1007,16,13,6,14,5,26,0,
2009,Jun,26,28,23,18,21,19,17,100,79,58,1008,1006,1004,16,10,1,27,5,42,18.54,"Fog , Rain"
2009,Jun,27,27,22,17,18,17,15,100,76,51,1007,1006,1005,16,15,8,-,-,-,0.51,Rain
2009,Jun,28,28,23,19,18,17,16,84,73,50,1007,1004,1000,16,16,16,13,8,-,0,
2009,Jun,29,27,23,18,17,16,13,87,66,45,1000,999,997,16,16,16,21,9,27,0,
2009,Jun,30,29,24,18,19,17,13,100,74,48,1005,1002,999,16,9,0,24,6,37,16.76,"Fog , Rain"
2009,Jul,1,27,23,19,20,18,17,100,81,62,1009,1006,1004,16,11,2,24,8,35,0,
2009,Jul,2,24,22,19,22,19,17,97,88,79,1009,1008,1007,16,7,0,19,7,24,15.24,"Fog , Rain"
2009,Jul,3,26,22,18,18,17,14,93,74,54,1011,1010,1009,16,16,14,23,8,34,0,
2009,Jul,4,26,23,19,16,13,9,78,59,40,1012,1011,1009,16,16,16,23,12,35,0,
2009,Jul,5,26,21,16,11,9,9,69,52,35,1013,1011,1009,16,16,16,21,7,29,0,
2009,Jul,6,28,23,17,14,12,7,73,50,26,1009,1008,1006,16,16,16,21,6,29,0,
2009,Jul,7,26,21,16,18,16,13,93,72,50,1010,1007,1006,16,13,3,23,8,37,3.3,Rain
2009,Jul,8,25,20,14,16,13,11,100,72,43,1017,1012,1009,16,16,13,23,8,27,0,
2009,Jul,9,23,19,16,14,13,12,84,71,57,1025,1022,1017,16,16,16,23,13,27,0,
2009,Jul,10,26,21,16,15,13,12,90,66,42,1027,1026,1025,16,16,16,19,7,27,0,
2009,Jul,11,26,22,17,17,14,9,73,63,52,1025,1020,1015,16,15,4,21,9,34,8.38,Rain
2009,Jul,12,27,23,18,19,16,7,100,64,28,1017,1014,1011,16,9,2,21,8,34,0.51,Rain
2009,Jul,13,26,21,16,15,11,7,72,55,38,1014,1013,1011,16,16,16,19,5,29,0,
2009,Jul,14,26,21,16,12,9,7,64,48,31,1019,1016,1014,16,16,16,26,8,35,0,
2009,Jul,15,28,23,17,18,12,9,79,58,36,1021,1019,1015,16,16,16,23,6,34,0,
2009,Jul,16,29,25,21,21,18,13,74,66,57,1014,1010,1007,16,15,13,23,8,37,0,
2009,Jul,17,30,25,20,23,21,18,93,74,55,1010,1008,1006,16,10,1,19,7,26,5.33,"Fog , Rain"
2009,Jul,18,28,24,20,22,18,12,100,71,42,1014,1008,1005,16,8,1,23,10,32,0.51,Rain
2009,Jul,19,27,23,18,16,13,11,68,52,36,1020,1018,1014,16,16,16,21,8,27,0,
2009,Jul,20,27,23,19,18,16,11,81,62,43,1022,1021,1020,16,16,16,16,7,24,0,
2009,Jul,21,22,20,18,19,18,16,100,87,73,1022,1020,1018,16,6,1,24,10,35,28.96,Rain
2009,Jul,22,28,23,18,21,19,18,100,81,62,1022,1021,1019,16,10,3,16,5,24,0,
2009,Jul,23,25,22,18,21,19,17,93,86,79,1020,1016,1011,16,13,2,34,12,48,9.91,Rain
2009,Jul,24,26,22,17,20,18,17,93,79,64,1013,1011,1010,16,14,3,14,7,24,0.51,Rain
2009,Jul,25,28,24,19,22,19,16,93,75,56,1014,1013,1012,16,14,11,21,8,32,0,
2009,Jul,26,29,24,19,22,21,19,100,81,61,1014,1013,1011,16,8,0,23,8,37,36.07,"Fog , Rain"
2009,Jul,27,28,24,20,23,21,19,100,85,69,1014,1013,1012,16,9,0,19,6,29,15.24,"Fog , Rain"
2009,Jul,28,29,26,22,22,21,19,93,79,65,1015,1013,1012,16,16,14,19,5,32,0,
2009,Jul,29,28,25,21,23,22,21,100,90,79,1013,1011,1008,16,6,0,29,8,48,38.61,"Fog , Rain"
2009,Jul,30,29,26,22,22,20,17,100,76,51,1013,1010,1007,16,16,14,16,9,26,0,
2009,Jul,31,29,24,19,24,21,18,94,78,62,1015,1012,1008,16,9,1,24,7,39,18.03,"Fog , Rain"
2009,Aug,1,28,23,18,19,17,14,93,68,43,1019,1017,1015,16,16,13,14,7,24,0,
2009,Aug,2,23,22,19,23,21,19,100,94,87,1016,1014,1010,16,9,0,19,9,26,26.67,"Fog , Rain"
2009,Aug,3,29,25,21,21,18,15,97,76,54,1016,1015,1012,16,16,14,16,4,26,0,
2009,Aug,4,28,24,20,21,18,16,76,67,58,1016,1014,1011,16,16,11,19,7,27,0,
2009,Aug,5,29,26,23,22,20,14,93,73,52,1014,1012,1011,16,14,6,21,7,27,0,
2009,Aug,6,25,22,19,16,14,12,78,63,47,1016,1014,1013,16,16,16,14,5,21,0,
2009,Aug,7,26,22,18,13,11,8,68,52,35,1021,1017,1015,16,16,16,24,8,37,0,
2009,Aug,8,26,22,17,15,12,9,73,57,41,1025,1023,1021,16,16,16,16,8,23,0,
2009,Aug,9,26,24,21,22,20,15,90,78,66,1022,1018,1014,16,14,8,14,5,21,0.25,Rain
2009,Aug,10,33,27,21,22,21,18,100,77,53,1017,1013,1009,16,12,1,19,10,32,13.46,"Fog , Rain"
2009,Aug,11,31,28,24,21,19,18,79,65,51,1011,1010,1009,16,16,16,19,7,26,0,
2009,Aug,12,26,24,22,22,20,18,87,75,62,1017,1015,1011,16,16,11,24,10,34,T,
2009,Aug,13,22,21,20,19,19,18,90,85,79,1021,1019,1016,16,16,6,26,9,35,0.51,Rain
2009,Aug,14,30,25,19,21,19,17,93,71,48,1023,1022,1021,16,16,13,14,4,21,0,
2009,Aug,15,31,26,21,21,19,17,93,68,43,1022,1021,1020,16,15,10,16,5,24,0,
2009,Aug,16,33,28,23,22,20,19,87,67,47,1022,1021,1020,16,16,13,16,5,23,0,
2009,Aug,17,33,29,24,22,20,18,82,63,44,1022,1021,1019,16,16,14,14,6,21,0,
2009,Aug,18,32,26,20,23,20,16,93,74,55,1020,1017,1014,16,13,0,40,8,64,16.26,"Fog , Rain"
2009,Aug,19,32,27,22,22,21,20,93,73,53,1015,1014,1013,16,16,16,16,6,24,0,
2009,Aug,20,32,28,24,24,22,20,82,71,59,1015,1013,1012,16,15,11,16,5,24,T,Rain
2009,Aug,21,32,27,22,25,23,21,100,84,68,1013,1012,1010,16,15,1,26,8,39,3.3,"Fog , Rain"
2009,Aug,22,27,24,21,24,23,21,100,90,79,1014,1011,1007,16,11,1,24,5,40,18.8,"Fog , Rain"
2009,Aug,23,29,26,23,23,22,21,93,79,65,1014,1010,1006,16,16,16,16,3,23,0.51,Rain
2009,Aug,24,28,24,21,20,18,16,90,72,54,1019,1017,1014,16,16,14,14,5,21,0,
2009,Aug,25,28,24,21,19,18,17,84,68,51,1021,1019,1017,16,16,16,16,5,24,0,
2009,Aug,26,29,26,21,20,18,16,90,69,47,1017,1015,1013,16,15,11,24,9,34,0.76,Rain
2009,Aug,27,26,23,19,18,14,12,79,61,43,1020,1019,1016,16,16,16,13,6,19,0,
2009,Aug,28,22,20,18,19,18,16,100,84,68,1022,1019,1015,16,12,2,23,9,29,12.95,Rain
2009,Aug,29,22,21,19,22,20,19,100,92,84,1016,1011,1006,16,8,1,23,9,27,13.97,Rain
2009,Aug,30,27,23,19,20,17,12,100,71,42,1016,1012,1009,16,8,2,21,9,27,T,Rain
2009,Aug,31,22,19,17,13,11,8,72,60,48,1023,1020,1016,16,16,16,21,8,27,0,
2009,Sep,1,23,19,14,13,10,8,80,61,41,1026,1025,1023,16,16,16,23,6,27,0,
2009,Sep,2,25,19,14,13,12,9,93,66,38,1026,1025,1023,16,16,16,14,4,23,0,
2009,Sep,3,26,21,16,15,12,7,90,63,35,1023,1021,1018,16,16,16,21,6,24,0,
2009,Sep,4,28,23,17,16,14,12,84,65,45,1017,1016,1015,16,16,16,23,7,29,0,
2009,Sep,5,29,25,21,16,15,13,73,58,43,1022,1020,1018,16,16,16,14,6,24,0,
2009,Sep,6,24,21,17,14,12,9,73,61,49,1028,1026,1023,16,16,16,27,14,42,0,
2009,Sep,7,23,19,16,16,13,12,84,71,57,1027,1025,1021,16,16,16,21,7,26,0,
2009,Sep,8,23,20,17,17,16,14,90,76,61,1021,1019,1017,16,16,16,16,3,24,0,
2009,Sep,9,24,21,17,16,14,8,81,65,48,1026,1021,1017,16,16,16,35,13,45,0,
2009,Sep,10,20,18,16,12,11,8,78,63,48,1030,1028,1026,16,16,16,40,20,58,T,
2009,Sep,11,19,16,13,18,15,11,100,89,78,1026,1019,1016,16,7,1,45,22,61,21.34,"Fog , Rain"
2009,Sep,12,19,18,17,18,17,17,100,94,87,1016,1014,1013,16,11,4,23,8,27,0.76,Rain
2009,Sep,13,26,22,18,18,16,12,93,68,42,1013,1012,1010,16,16,16,19,7,24,0,
2009,Sep,14,24,21,16,15,14,12,90,68,46,1015,1013,1011,16,16,16,19,8,27,0,
2009,Sep,15,26,22,17,16,15,13,84,69,54,1016,1013,1012,16,16,16,16,7,26,0,
2009,Sep,16,21,19,17,16,13,12,87,72,57,1025,1022,1016,16,16,16,32,16,40,0,
2009,Sep,17,17,15,13,13,11,8,86,73,60,1027,1024,1021,16,16,16,26,9,34,0.25,Rain
2009,Sep,18,23,18,13,13,12,10,86,68,49,1020,1018,1014,16,16,11,21,9,29,0,
2009,Sep,19,21,17,12,10,6,3,64,48,31,1026,1023,1019,16,16,16,16,6,26,0,
2009,Sep,20,23,18,12,11,9,7,86,61,35,1028,1026,1025,16,16,16,14,6,23,0,
2009,Sep,21,24,19,14,16,13,10,87,66,44,1027,1025,1003,16,16,16,16,7,24,0,
2009,Sep,22,23,21,18,17,16,15,93,80,66,1027,1025,1023,16,16,16,16,5,24,0,
2009,Sep,23,27,24,21,21,19,17,90,79,67,1023,1020,1016,16,16,16,19,9,27,0,
2009,Sep,24,28,23,19,21,17,11,100,75,49,1018,1016,1015,16,14,6,19,8,29,0.76,Rain
2009,Sep,25,21,17,13,10,7,4,69,53,37,1028,1023,1018,16,16,16,29,12,42,0,
2009,Sep,26,19,16,12,14,8,5,100,73,45,1028,1023,1017,16,15,8,21,10,27,3.56,Rain
2009,Sep,27,20,18,15,19,17,14,100,95,90,1018,1007,999,16,6,2,23,8,34,26.16,Rain
2009,Sep,28,22,18,14,17,14,12,93,80,66,1004,1000,997,16,14,3,27,10,42,4.57,Rain
2009,Sep,29,19,16,12,11,8,7,75,62,48,1006,1002,1001,16,16,16,29,12,45,0,
2009,Sep,30,16,13,9,10,7,4,83,69,55,1015,1010,1006,16,16,16,26,13,39,0,
2009,Oct,1,13,11,8,6,5,4,77,68,59,1017,1016,1015,16,16,16,19,8,26,0,
2009,Oct,2,18,13,8,16,9,5,93,72,51,1018,1016,1013,16,16,10,23,8,35,1.52,Rain
2009,Oct,3,21,19,17,19,18,16,100,92,84,1014,1012,1010,16,6,1,16,5,21,7.37,"Fog , Rain"
2009,Oct,4,23,19,14,18,14,7,100,71,41,1013,1012,1010,16,9,2,21,7,29,0,
2009,Oct,5,19,16,12,8,7,5,77,60,43,1015,1014,1012,16,16,16,23,12,34,0,
2009,Oct,6,19,14,10,11,7,5,80,61,42,1017,1013,1008,16,16,16,19,7,26,0,
2009,Oct,7,21,17,14,17,11,3,93,65,37,1010,1003,998,16,13,3,47,18,71,4.06,Rain
2009,Oct,8,17,14,11,7,4,3,62,53,43,1019,1016,1011,16,16,16,23,9,37,0,
2009,Oct,9,21,18,15,15,12,7,84,71,57,1017,1011,1005,16,16,16,21,7,29,0.76,Rain
2009,Oct,10,19,14,10,16,12,3,100,73,46,1021,1010,1003,16,13,6,29,8,45,T,Rain
2009,Oct,11,18,13,8,5,3,1,77,57,36,1026,1022,1021,16,16,16,23,9,29,0,
2009,Oct,12,12,9,6,3,0,-2,66,54,41,1030,1027,1023,16,16,16,19,4,27,0,
2009,Oct,13,18,13,8,9,6,1,77,60,43,1022,1018,1014,16,16,16,27,10,48,0,
2009,Oct,14,12,8,5,2,1,-2,79,60,41,1025,1023,1021,16,16,16,21,5,26,0,
2009,Oct,15,8,6,3,4,2,-2,100,77,53,1021,1017,1011,16,13,5,34,19,47,14.99,Rain
2009,Oct,16,8,6,3,3,2,1,92,79,65,1017,1014,1011,16,15,11,29,15,39,1.27,Rain
2009,Oct,17,9,7,6,3,1,0,70,63,56,1019,1017,1016,16,16,16,27,15,40,0.76,Rain
2009,Oct,18,7,6,5,6,3,1,96,83,70,1020,1018,1016,16,16,8,27,14,45,7.37,Rain
2009,Oct,19,13,8,3,1,-1,-3,76,54,32,1022,1021,1019,16,16,16,19,6,27,0,
2009,Oct,20,18,13,7,7,3,0,65,52,39,1022,1020,1019,16,16,16,14,6,23,0,
2009,Oct,21,20,16,11,9,8,7,83,66,48,1023,1021,1019,16,16,14,11,2,14,0,
2009,Oct,22,23,18,12,10,8,5,83,59,35,1019,1015,1011,16,16,13,21,10,27,0,
2009,Oct,23,18,14,9,11,7,4,100,72,44,1023,1020,1014,16,15,8,27,14,39,4.83,Rain
2009,Oct,24,18,15,12,18,16,11,100,95,90,1016,1008,1004,16,5,1,23,11,34,45.97,Rain
2009,Oct,25,17,14,11,13,4,2,84,62,39,1023,1016,1007,16,16,16,23,10,34,0,
2009,Oct,26,16,12,8,6,4,1,77,59,40,1028,1026,1023,16,16,16,24,7,34,0,
2009,Oct,27,13,12,10,12,11,6,100,86,71,1024,1020,1016,16,8,3,24,11,35,15.75,Rain
2009,Oct,28,14,12,11,13,11,9,100,92,83,1017,1013,1008,16,8,2,27,14,37,32.77,Rain
2009,Oct,29,14,12,9,8,7,6,86,74,62,1027,1024,1019,16,16,16,23,9,35,0,
2009,Oct,30,15,13,11,11,8,7,86,74,62,1027,1025,1020,16,16,16,16,9,29,0,
2009,Oct,31,22,17,13,18,15,10,100,86,72,1019,1012,1008,16,11,2,29,11,45,4.32,Rain
2009,Nov,1,14,12,9,10,4,2,77,62,47,1023,1019,1012,16,16,16,23,9,29,0.25,
2009,Nov,2,13,11,8,6,3,1,71,61,50,1024,1022,1020,16,16,16,32,13,40,T,
2009,Nov,3,16,11,6,6,3,-3,83,61,39,1023,1018,1015,16,16,16,26,7,39,0,
2009,Nov,4,11,8,5,1,-1,-3,70,55,39,1027,1025,1024,16,16,16,21,8,29,0,
2009,Nov,5,12,9,6,3,1,-2,76,60,44,1024,1019,1016,16,16,13,26,7,37,T,Rain
2009,Nov,6,10,7,3,-2,-3,-4,64,55,45,1027,1023,1017,16,16,16,27,11,42,0,
2009,Nov,7,12,7,2,4,-1,-4,70,54,38,1027,1024,1021,16,16,16,21,8,32,0,
2009,Nov,8,21,14,8,8,6,4,77,58,39,1029,1024,1021,16,16,14,21,4,29,0,
2009,Nov,9,19,14,9,10,9,8,93,73,52,1030,1028,1025,16,13,6,21,7,29,0,
2009,Nov,10,18,16,13,9,8,4,72,60,47,1025,1024,1023,16,14,10,19,7,27,0,
2009,Nov,11,14,12,9,4,1,-1,59,50,41,1028,1027,1025,16,16,16,34,18,47,0,
2009,Nov,12,10,9,7,2,0,-2,65,56,46,1026,1022,1017,16,16,14,37,23,52,1.78,Rain
2009,Nov,13,13,11,9,11,7,3,96,79,61,1018,1015,1013,16,15,6,42,25,63,1.02,Rain
2009,Nov,14,14,13,11,13,12,10,100,97,93,1014,1012,1011,16,6,1,27,11,37,12.45,Rain
2009,Nov,15,19,16,12,13,12,11,100,84,68,1014,1012,1011,16,14,2,14,5,21,0.51,Rain
2009,Nov,16,15,12,9,11,4,-2,83,62,41,1021,1017,1014,16,16,16,23,8,32,0,
2009,Nov,17,13,11,8,2,-2,-4,65,49,32,1029,1025,1021,16,16,16,26,12,35,0,
2009,Nov,18,12,9,6,6,4,2,83,74,65,1032,1031,1029,16,16,16,23,12,27,0,
2009,Nov,19,15,12,8,14,9,5,100,86,71,1029,1025,1018,16,11,3,21,10,27,4.57,Rain
2009,Nov,20,16,13,9,15,9,1,97,72,46,1019,1016,1014,16,12,1,24,11,39,12.7,Rain
2009,Nov,21,14,11,8,4,3,2,66,59,51,1022,1019,1017,16,16,16,16,7,26,0,
2009,Nov,22,13,10,7,5,3,2,77,66,54,1030,1027,1022,16,16,16,27,11,35,0,
2009,Nov,23,10,8,7,7,4,2,86,76,65,1031,1028,1024,16,16,14,35,18,45,T,Rain
2009,Nov,24,14,12,9,8,7,7,86,74,62,1024,1022,1020,16,16,14,27,12,39,0,
2009,Nov,25,11,10,9,10,9,7,100,90,80,1020,1016,1014,16,8,3,21,9,26,0.76,Rain
2009,Nov,26,14,12,10,9,8,7,93,80,67,1015,1012,1004,16,13,6,21,8,27,0,
2009,Nov,27,10,8,6,7,3,-3,86,68,49,1004,999,995,16,16,16,34,15,58,0,
2009,Nov,28,10,8,6,1,-1,-2,60,51,42,1011,1004,997,16,16,16,34,19,56,0,
2009,Nov,29,15,9,4,4,0,-2,70,54,38,1014,1011,1006,16,16,16,24,8,35,0,
2009,Nov,30,14,9,4,9,4,-3,89,72,55,1008,1005,1003,16,14,8,29,11,42,6.86,Rain
2009,Dec,1,8,5,2,-1,-3,-6,64,55,45,1021,1015,1009,16,16,16,27,11,39,0,
2009,Dec,2,13,9,5,13,7,-1,93,74,54,1022,1016,1006,16,13,3,26,8,40,11.43,Rain
2009,Dec,3,19,15,11,16,10,1,100,74,48,1011,1000,993,16,12,3,26,17,56,18.54,Rain
2009,Dec,4,11,9,7,2,-1,-2,70,56,42,1022,1020,1018,16,16,16,19,9,24,0,
2009,Dec,5,7,4,1,2,0,-3,100,75,49,1021,1015,1011,16,11,3,26,12,39,16.26,"Rain , Snow"
2009,Dec,6,3,2,1,0,-5,-7,82,65,48,1029,1022,1013,16,16,16,26,12,37,0,
2009,Dec,7,4,2,0,-2,-4,-6,75,64,52,1028,1024,1021,16,16,14,21,7,29,0,
2009,Dec,8,7,4,1,-3,-4,-5,75,60,45,1027,1025,1022,16,16,14,23,12,32,T,
2009,Dec,9,12,6,1,9,5,-1,100,78,55,1024,1002,988,16,7,2,32,13,48,37.59,"Rain , Snow"
2009,Dec,10,8,3,-3,0,-7,-11,71,54,37,1009,1002,995,16,16,16,27,19,52,0,
2009,Dec,11,-2,-4,-6,-14,-16,-16,45,40,34,1026,1021,1017,16,16,16,39,20,58,0,
2009,Dec,12,3,-1,-4,-10,-12,-13,50,43,35,1034,1032,1027,16,16,16,27,12,37,0,
2009,Dec,13,11,6,1,10,3,-11,100,69,38,1032,1018,1010,16,9,3,26,10,35,24.13,Rain
2009,Dec,14,8,6,4,3,1,0,82,71,60,1020,1017,1013,16,16,16,23,9,37,0,
2009,Dec,15,11,8,6,6,3,-2,92,74,56,1016,1013,1012,16,15,10,32,11,42,0,
2009,Dec,16,6,2,-2,-3,-10,-13,57,48,38,1025,1022,1017,16,16,16,27,18,40,0,
2009,Dec,17,-1,-3,-7,-11,-13,-15,52,46,39,1026,1025,1023,16,16,16,35,19,52,0,
2009,Dec,18,-1,-5,-9,-13,-16,-18,61,45,28,1026,1023,1017,16,16,16,23,9,27,0,
2009,Dec,19,-1,-3,-6,-7,-12,-21,92,58,23,1016,1007,1002,16,7,0,34,17,50,15.49,"Fog , Snow"
2009,Dec,20,1,-2,-6,-7,-9,-14,92,62,32,1010,1006,1002,16,10,0,34,16,53,3.3,"Fog , Snow"
2009,Dec,21,2,0,-2,-7,-8,-9,69,57,44,1015,1012,1011,16,16,16,35,17,56,0,
2009,Dec,22,2,-1,-5,-8,-9,-16,63,49,34,1022,1019,1015,16,16,16,35,15,47,0,
2009,Dec,23,-1,-4,-7,-9,-12,-13,63,55,46,1023,1022,1020,16,16,16,27,16,40,0,
2009,Dec,24,4,0,-4,-3,-6,-10,69,62,54,1031,1028,1023,16,16,16,24,9,42,0,
2009,Dec,25,3,2,1,2,-1,-3,100,85,70,1031,1028,1025,16,14,4,32,15,48,6.1,Rain
2009,Dec,26,12,8,3,11,6,2,100,93,85,1025,1019,1012,16,6,1,34,20,48,37.59,Rain
2009,Dec,27,13,9,4,12,5,-4,100,68,36,1012,1010,1008,16,11,2,26,12,47,8.38,Rain
2009,Dec,28,6,3,-1,1,-6,-10,73,59,44,1009,1004,1002,16,16,16,29,14,47,0,
2009,Dec,29,-1,-4,-9,-8,-16,-19,58,47,36,1027,1016,1004,16,16,16,47,23,64,T,
2009,Dec,30,0,-3,-7,-10,-12,-15,62,55,47,1032,1029,1026,16,16,16,23,9,35,0,
2009,Dec,31,2,0,-2,0,-3,-9,96,73,49,1025,1022,1016,16,8,0,21,6,27,5.84,"Fog , Snow"